010001000000000001000010000000000100011100000000
010001100000000001000111000000000100101010000000
010001100000000000111000000000000100011000000000
010010000000000001000110000000000100101100000000
010010001000000001000000000000000100100110000000
010010001000000000111000000000000100100010000000
010010001000000001000000000000000100100110000000
001111000000000001000100000000000100010100000000
010001110000000001000110000000000100101010000000
010001100000000001000010000000000100100010000000
001110000000000001000000000000000100000000000000
010001110000000001000100000000000100100110000000
010001010000000001000100000000000100100010000000
010001100000000001000010000000000100100010000000
010000000000000001000000000000000100010000000000
001111000000000001001000100000000100100100000000
010010000000000001000100000000000100101000000000
010001100000000001000100000000000100100100000000
010010001000000001000111000000000100110000000000
001110000000000001001000100000000100100010000000
010000000000000001001000000000000100100100000000
010001010000000001000110000000000100100110000000
010000100000000001000100000000000100011100000000
010000000000000001000010000000000100010100000000
001111000000000001000000000000000100001000000000
010000100000000001000010000000000100011000000000
001110000000000001000111000000000100011100000000
010001110000000001000000000000000100100010000000
010000000000000001000111000000000100100010000000
010001110000000001001000100000000100110000000000
010010000000000001000110000000000100101100000000
010001010000000001000101000000000100100100000000
010000100000000001000101000000000100100000000000
010001000000000001000110000000000100100100000000
001110000000000000111000000000000000000000000000
010001010000000001000101000000000100100100000000
010001000000000000111000000000000100010000000000
010000000000000001000000000000000100010000000000
001110000000000000111100000000000011110000000000
001110000000000001000110000000000100011000000000
001111000000000001000000000000000100001000000000
010001000000000001001000100000000100101010000000
001110000000000001001000100000000100100010000000
010001110000000001001000100000000100110000000000
010001000000000001000110000000000100100100000000
010010000000000001000101000000000100101010000000
001111000000000000111000000000000011110000000000
010000000000000001000000000000000100010000000000
010001000000000000111000000000000100010000000000
001111000000000000111100000000000100000000000000
001110000000000001000010000000000100001000000000
001110000000000000111100000000000011110000000000
010010001000000001000000000000000100100110000000
010001000000000001001000000000000100101000000000
010010001000000001001000100000000100110010000000
010000000000000000111100000000000100001000000000
010001000000000001000101000000000100100010000000
010010000000000001001000100000000100110001000000
010010000000000000111000000000000100100000000000
010001110000000001000010000000000100100100000000
010000100000000001001000100000000100101000000000
010001010000000000111100000000000100011000000000
010001010000000000111000000000000100010100000000
010001110000000001000000000000000100100010000000
010001100000000001000111000000000100101010000000
010001100000000001000100000000000100100100000000
010010000000000001000000000000000100100100000000
010000000000000001000101000000000100011100000000
010010001000000001000111000000000100110000000000
001110000000000000111000000000000000000000000000
010001100000000000111000000000000100011000000000
010001010000000000111000000000000100010100000000
010010000000000001001000000000000100110000000000
001111000000000001000010000000000100010000000000
010001100000000001000000000000000100100000000000
010001110000000001000110000000000100101010000000
010000000000000001000010000000000100010100000000
010001000000000001000100000000000100100000000000
001111000000000001000010000000000100010000000000
010001110000000001001000000000000100101110000000
010001000000000001000110000000000100100100000000
010010001000000001001000100000000100110010000000
010010000000000001001000000000000100110000000000
010001010000000000111100000000000100011000000000
001111000000000001001000000000000100100010000000
001111000000000001001000000000000100100010000000
001111000000000001000010000000000100010000000000
001111000000000001000000000000000100001000000000
010001000000000001001000000000000100101000000000
010010001000000001000000000000000100100110000000
010000100000000001000111000000000100100100000000
010001000000000001001000100000000100101010000000
010001010000000001000101000000000100100100000000
010001000000000001001000000000000100101000000000
010001110000000001000110000000000100101010000000
010010000000000001000101000000000100101010000000
001110000000000001000111000000000100011100000000
001111000000000001000010000000000100010000000000
010001110000000001000010000000000100100100000000
010010000000000000111100000000000100100010000000
010001110000000001000110000000000100101010000000
010010001000000000111000000000000100100010000000
001111000000000000111000000000000011110000000000
010000000000000001000100000000000100011000000000
010000000000000001000110000000000100100000000000
001110000000000000111000000000000000000000000000
010000000000000001001000100000000100100110000000
010000000000000001000110000000000100100000000000
010010000000000000111100000000000100100010000000
010001110000000001000010000000000100100100000000
001111000000000001001000100000000100100100000000
010010000000000001000100000000000100101000000000
010010001000000000111100000000000100100100000000
010001110000000001000101000000000100101000000000
010001110000000001000111000000000100101100000000
010001010000000000111100000000000100011000000000
001111000000000000111000000000000011110000000000
010001100000000000111100000000000100011100000000
010001110000000001000111000000000100101100000000
010001000000000001000110000000000100100100000000
010010000000000001000110000000000100101100000000
010001110000000001000000000000000100100010000000
010000000000000001000000000000000100010000000000
001110000000000001000000000000000100000000000000
010000100000000001001000100000000100101000000000
010001100000000000111000000000000100011000000000
010000100000000000111100000000000100010000000000
001111000000000001000101000000000100011000000000
010010001000000001001000000000000100110001000000
010001000000000001000110000000000100100100000000
001110000000000001000101000000000100010100000000
010001100000000001000111000000000100101010000000
010001010000000000111000000000000100010100000000
010001010000000001000111000000000100101000000000
001111000000000000111000000000000011110000000000
010001100000000001001000100000000100101110000000
001110000000000000111100000000000011110000000000
010000100000000001000111000000000100100100000000
010000000000000001000101000000000100011100000000
010000000000000001000000000000000100010000000000
010000100000000001000110000000000100100010000000
010010001000000000111100000000000100100100000000
001111000000000001001000000000000100100010000000
010000000000000001000000000000000100010000000000
010001010000000001001000100000000100101100000000
010001010000000001001000000000000100101010000000
010001010000000001000101000000000100100100000000
010000100000000000111000000000000100001000000000
001111000000000001000110000000000100011100000000
010001110000000001000000000000000100100010000000
010001010000000001000100000000000100100010000000
010001010000000001000000000000000100011100000000
010000000000000000111000000000000100000000000000
010001010000000001000111000000000100101000000000
010010001000000001000010000000000100101000000000
010001010000000001000111000000000100101000000000
010001100000000001001000000000000100101100000000
001111000000000001000101000000000100011000000000
010001000000000000111100000000000100010100000000
010000000000000001000101000000000100011100000000
010010001000000001000100000000000100101010000000
010001110000000000111100000000000100100000000000
001111000000000000111100000000000100000000000000
010001100000000001000100000000000100100100000000
010010000000000001001000100000000100110001000000
010010001000000001000101000000000100101100000000
010001010000000001000100000000000100100010000000
010000100000000001001000100000000100101000000000
010001100000000000111000000000000100011000000000
010001110000000001001000100000000100110000000000
010001000000000001000110000000000100100100000000
010001100000000001000000000000000100100000000000
001111000000000000111000000000000011110000000000
001111000000000000111100000000000100000000000000
010000000000000001001000100000000100100110000000
010001110000000001000000000000000100100010000000
010001110000000001001000100000000100110000000000
010010000000000000111000000000000100100000000000
010000000000000000111000000000000100000000000000
001111000000000001001000000000000100100010000000
010001100000000000111100000000000100011100000000
010010001000000000111100000000000100100100000000
010001010000000001000111000000000100101000000000
001110000000000001001000100000000100100010000000
010010000000000001000111000000000100101110000000
001111000000000001000100000000000100010100000000
010001000000000001000110000000000100100100000000
001111000000000001001000000000000100100010000000
010001100000000001000100000000000100100100000000
001111000000000000111000000000000011110000000000
010000100000000001000101000000000100100000000000
010001110000000000111000000000000100011100000000
010000000000000000111000000000000100000000000000
001111000000000001000000000000000100001000000000
010001000000000001000100000000000100100000000000
001110000000000001000100000000000100010000000000
010010000000000000111000000000000100100000000000
010000000000000001000101000000000100011100000000
010001000000000001000100000000000100100000000000
010000100000000001000100000000000100011100000000
010000100000000001000010000000000100011000000000
010010000000000001000101000000000100101010000000
010000000000000001000000000000000100010000000000
010001010000000001000100000000000100100010000000
001111000000000000111100000000000100000000000000
010001010000000001000100000000000100100010000000
010010000000000001000110000000000100101100000000
010001110000000001000100000000000100100110000000
010001000000000001000000000000000100011000000000
010001110000000000111000000000000100011100000000
010000000000000001000111000000000100100010000000
010001100000000001000010000000000100100010000000
001111000000000001000101000000000100011000000000
010000100000000001001000000000000100100110000000
001111000000000001000010000000000100010000000000
010000000000000001000010000000000100010100000000
010010001000000001000110000000000100101110000000
010010001000000000111100000000000100100100000000
001110000000000001000010000000000100001000000000
001110000000000000111000000000000000000000000000
010001000000000000111100000000000100010100000000
001110000000000000111000000000000000000000000000
001111000000000001000101000000000100011000000000
010001100000000000111000000000000100011000000000
010001000000000000111000000000000100010000000000
010010000000000001001000000000000100110000000000
010001110000000000111000000000000100011100000000
010000100000000001000111000000000100100100000000
001110000000000001000111000000000100011100000000
010001000000000000111000000000000100010000000000
010010000000000001001000100000000100110001000000
010000000000000001000010000000000100010100000000
010001100000000000111000000000000100011000000000
010001010000000000111100000000000100011000000000
010000100000000001000101000000000100100000000000
010001110000000000111100000000000100100000000000
010001010000000001000010000000000100100000000000
001111000000000001001000000000000100100010000000
010010000000000001001000000000000100110000000000
010010000000000001000101000000000100101010000000
001111000000000000111100000000000100000000000000
010001110000000001000111000000000100101100000000
010001010000000000111100000000000100011000000000
010001000000000001000000000000000100011000000000
010000000000000001000111000000000100100010000000
010001110000000001000111000000000100101100000000
010000100000000001000101000000000100100000000000
010001100000000001000111000000000100101010000000
010001010000000000111000000000000100010100000000
010010000000000000111100000000000100100010000000
010001100000000001000111000000000100101010000000
010000000000000001000000000000000100010000000000
001111000000000001000110000000000100011100000000
010010000000000001000100000000000100101000000000
010000000000000001000000000000000100010000000000
001110000000000000111000000000000000000000000000
010000000000000001000100000000000100011000000000
010000000000000000111000000000000100000000000000
001111000000000000111000000000000011110000000000
010010000000000001000010000000000100100110000000
001111000000000001001000000000000100100010000000
010010001000000001001000100000000100110010000000
010001010000000000111000000000000100010100000000
010010001000000001000010000000000100101000000000
010000100000000001000000000000000100010100000000
010010001000000001000110000000000100101110000000
010000100000000000111100000000000100010000000000
010001010000000001001000000000000100101010000000
010001100000000001000101000000000100100110000000
010001000000000001000010000000000100011100000000
010001000000000000111000000000000100010000000000
010010001000000001001000100000000100110010000000
010001110000000001000101000000000100101000000000
010010000000000000111100000000000100100010000000
010001100000000001000010000000000100100010000000
001111000000000001000000000000000100001000000000
001111000000000001000100000000000100010100000000
010001010000000001000000000000000100011100000000
010001100000000001000110000000000100101000000000
010001110000000001000110000000000100101010000000
010010001000000000111100000000000100100100000000
010010000000000001000010000000000100100110000000
010001110000000001000000000000000100100010000000
001111000000000001000010000000000100010000000000
001110000000000001000101000000000100010100000000
010001100000000001000100000000000100100100000000
010000100000000001000101000000000100100000000000
010000000000000001000010000000000100010100000000
010000100000000001001000100000000100101000000000
001111000000000001001000100000000100100100000000
010000100000000001000010000000000100011000000000
010000100000000001000110000000000100100010000000
001110000000000001001000000000000100100000000000
010001010000000001000101000000000100100100000000
010001110000000001001000100000000100110000000000
010001000000000001000111000000000100100110000000
010001000000000001000100000000000100100000000000
001111000000000000111000000000000011110000000000
001111000000000000111100000000000100000000000000
010001100000000001001000100000000100101110000000
001110000000000001001000100000000100100010000000
010010000000000001000111000000000100101110000000
010001010000000001000110000000000100100110000000
001111000000000001000111000000000100100000000000
001111000000000001001000000000000100100010000000
010010001000000001000111000000000100110000000000
001110000000000001000110000000000100011000000000
010001110000000001000000000000000100100010000000
010001110000000000111000000000000100011100000000
010010001000000001000100000000000100101010000000
010010000000000001000111000000000100101110000000
010000000000000001000110000000000100100000000000
001110000000000000111000000000000000000000000000
010001010000000000111000000000000100010100000000
001111000000000001000100000000000100010100000000
010001100000000001000110000000000100101000000000
010010000000000001000101000000000100101010000000
010001000000000001001000000000000100101000000000
010000100000000001001000000000000100100110000000
010000000000000000111100000000000100001000000000
010000000000000001001000000000000100100100000000
010010001000000001000000000000000100100110000000
010001110000000001000100000000000100100110000000
010001110000000001000110000000000100101010000000
010010001000000001000000000000000100100110000000
010000000000000001001000100000000100100110000000
001110000000000000111000000000000000000000000000
001110000000000001000010000000000100001000000000
010001000000000000111000000000000100010000000000
010000000000000001000101000000000100011100000000
010010001000000001000110000000000100101110000000
010001100000000000111100000000000100011100000000
010000100000000001000111000000000100100100000000
001110000000000001000111000000000100011100000000
010001110000000001000110000000000100101010000000
010010001000000001000010000000000100101000000000
010001110000000001000110000000000100101010000000
010001000000000001001000000000000100101000000000
010000000000000001000111000000000100100010000000
010001010000000000111100000000000100011000000000
010010000000000001000100000000000100101000000000
010001110000000001000010000000000100100100000000
001111000000000001000110000000000100011100000000
010000100000000001000101000000000100100000000000
001111000000000001000101000000000100011000000000
010001100000000000111000000000000100011000000000
010010000000000001000110000000000100101100000000
010010000000000001000010000000000100100110000000
010000100000000001000000000000000100010100000000
010000100000000001000110000000000100100010000000
001111000000000001000010000000000100010000000000
010010000000000001000101000000000100101010000000
010001000000000000111000000000000100010000000000
010001000000000001000010000000000100011100000000
010001100000000001000100000000000100100100000000
001111000000000001001000000000000100100010000000
001111000000000001000000000000000100001000000000
010001110000000001001000100000000100110000000000
010001010000000001001000100000000100101100000000
010010000000000001000010000000000100100110000000
010001000000000001001000100000000100101010000000
010010000000000001001000100000000100110001000000
010001010000000001000110000000000100100110000000
010001000000000001001000000000000100101000000000
010001000000000001001000100000000100101010000000
001111000000000001000111000000000100100000000000
010001110000000001000111000000000100101100000000
010000000000000001000000000000000100010000000000
010010001000000001000111000000000100110000000000
001111000000000001000101000000000100011000000000
010000000000000001001000000000000100100100000000
010001100000000001000111000000000100101010000000
010001110000000001001000100000000100110000000000
010000000000000000111100000000000100001000000000
010001010000000001000110000000000100100110000000
001111000000000001000101000000000100011000000000
010001010000000001000110000000000100100110000000
010001100000000000111000000000000100011000000000
010000100000000001001000100000000100101000000000
010010000000000001000100000000000100101000000000
001110000000000001000100000000000100010000000000
010001000000000001000101000000000100100010000000
010000000000000001001000100000000100100110000000
010001110000000001000111000000000100101100000000
010001110000000000111000000000000100011100000000
010010000000000001000111000000000100101110000000
010001010000000001001000000000000100101010000000
010010001000000001000111000000000100110000000000
010000000000000001000110000000000100100000000000
010010001000000001000000000000000100100110000000
010001010000000001000100000000000100100010000000
010001110000000001000000000000000100100010000000
010001110000000001000110000000000100101010000000
010001000000000001001000100000000100101010000000
010001000000000001000100000000000100100000000000
010000100000000001001000000000000100100110000000
010001100000000001001000000000000100101100000000
010010000000000001000110000000000100101100000000
001111000000000001000111000000000100100000000000
010001110000000000111100000000000100100000000000
010001000000000001000111000000000100100110000000
010001010000000001000010000000000100100000000000
001111000000000000111000000000000011110000000000
010010001000000001000000000000000100100110000000
001111000000000001000010000000000100010000000000
001110000000000001000000000000000100000000000000
010001010000000000111000000000000100010100000000
010001110000000001001000000000000100101110000000
010001100000000001000101000000000100100110000000
001111000000000001000101000000000100011000000000
010001000000000001000110000000000100100100000000
010010000000000001001000100000000100110001000000
010001010000000001001000100000000100101100000000
010000000000000001000100000000000100011000000000
001111000000000001000111000000000100100000000000
010001010000000001000111000000000100101000000000
010000000000000001000100000000000100011000000000
010001010000000001000100000000000100100010000000
010000000000000001000101000000000100011100000000
010001100000000001000101000000000100100110000000
001111000000000001000110000000000100011100000000
010001110000000001000101000000000100101000000000
010010000000000001001000100000000100110001000000
010001000000000001000111000000000100100110000000
010010000000000001000111000000000100101110000000
010001000000000001000111000000000100100110000000
010001110000000001001000000000000100101110000000
010001100000000001000101000000000100100110000000
001110000000000001000100000000000100010000000000
010001110000000001001000100000000100110000000000
010000000000000001000000000000000100010000000000
001110000000000001000110000000000100011000000000
001111000000000001000000000000000100001000000000
010001100000000001000000000000000100100000000000
001111000000000001001000100000000100100100000000
010010000000000001000000000000000100100100000000
010001110000000000111100000000000100100000000000
001111000000000001000010000000000100010000000000
010010000000000001001000000000000100110000000000
010001100000000001000111000000000100101010000000
010001010000000001000110000000000100100110000000
010010000000000000111100000000000100100010000000
010001110000000001000110000000000100101010000000
001111000000000001000100000000000100010100000000
010000100000000001000101000000000100100000000000
010001000000000001001000100000000100101010000000
010010000000000001001000100000000100110001000000
001110000000000001000100000000000100010000000000
010001010000000001001000000000000100101010000000
010000000000000001000110000000000100100000000000
010001110000000001000101000000000100101000000000
010010001000000001001000000000000100110001000000
001111000000000001000110000000000100011100000000
001111000000000001000110000000000100011100000000
010000100000000001000111000000000100100100000000
010001010000000001000010000000000100100000000000
010001100000000001000000000000000100100000000000
010010000000000001000101000000000100101010000000
010001110000000001000101000000000100101000000000
001110000000000000111000000000000000000000000000
010001110000000001001000000000000100101110000000
010010000000000001001000100000000100110001000000
001110000000000001000100000000000100010000000000
010001010000000001000100000000000100100010000000
010001110000000001001000100000000100110000000000
010000100000000000111000000000000100001000000000
010001010000000001000100000000000100100010000000
010010000000000000111100000000000100100010000000
010000000000000000111100000000000100001000000000
010001010000000001000100000000000100100010000000
010000000000000000111100000000000100001000000000
001111000000000000111100000000000100000000000000
010001010000000001000010000000000100100000000000
010001100000000000111000000000000100011000000000
010001110000000000111000000000000100011100000000
010001100000000001000101000000000100100110000000
010000100000000001001000000000000100100110000000
010001010000000001000000000000000100011100000000
001111000000000001000110000000000100011100000000
010001010000000001000110000000000100100110000000
001110000000000001001000100000000100100010000000
010000000000000001000000000000000100010000000000
010001110000000001001000000000000100101110000000
010001110000000001000000000000000100100010000000
010010000000000001000101000000000100101010000000
010001110000000001000110000000000100101010000000
010010000000000001000010000000000100100110000000
010000100000000001001000100000000100101000000000
010001100000000000111000000000000100011000000000
001110000000000001000110000000000100011000000000
010001110000000001001000100000000100110000000000
010010001000000001000010000000000100101000000000
010001110000000001000000000000000100100010000000
001110000000000001001000100000000100100010000000
001110000000000001001000100000000100100010000000
010001110000000000111000000000000100011100000000
010000000000000001000000000000000100010000000000
001111000000000001000100000000000100010100000000
001111000000000000111100000000000100000000000000
010010001000000001000111000000000100110000000000
001110000000000001000000000000000100000000000000
010001000000000001000100000000000100100000000000
010000100000000000111000000000000100001000000000
010000000000000001000000000000000100010000000000
010000100000000001000000000000000100010100000000
010000100000000001001000000000000100100110000000
001110000000000001000101000000000100010100000000
010000100000000001000010000000000100011000000000
001110000000000001000000000000000100000000000000
010000100000000001000000000000000100010100000000
010010001000000001000010000000000100101000000000
010001010000000001001000000000000100101010000000
010010000000000001000100000000000100101000000000
010010000000000001000111000000000100101110000000
010001100000000001000000000000000100100000000000
010000100000000000111100000000000100010000000000
010000100000000001000101000000000100100000000000
010001100000000001001000100000000100101110000000
010000100000000001000111000000000100100100000000
010010000000000000111100000000000100100010000000
010001110000000001000101000000000100101000000000
010010001000000001000111000000000100110000000000
010010000000000001001000100000000100110001000000
010010001000000001000110000000000100101110000000
001110000000000001000111000000000100011100000000
010010001000000001000110000000000100101110000000
010010000000000000111100000000000100100010000000
010010001000000001000000000000000100100110000000
010000000000000001001000100000000100100110000000
010010001000000001000100000000000100101010000000
010001000000000000111000000000000100010000000000
001110000000000001001000000000000100100000000000
010010001000000000111100000000000100100100000000
001111000000000001000110000000000100011100000000
010000000000000001000111000000000100100010000000
010001100000000000111000000000000100011000000000
010001100000000001001000100000000100101110000000
010001100000000001001000000000000100101100000000
010001000000000001000000000000000100011000000000
010010000000000001000110000000000100101100000000
001110000000000001001000100000000100100010000000
010000000000000001000100000000000100011000000000
010001110000000001000101000000000100101000000000
010001010000000001000010000000000100100000000000
001111000000000001000101000000000100011000000000
010010001000000001001000100000000100110010000000
010010000000000001000101000000000100101010000000
010001110000000001001000000000000100101110000000
010001110000000001000110000000000100101010000000
010001010000000001001000000000000100101010000000
010000100000000001001000100000000100101000000000
010001010000000001000000000000000100011100000000
001111000000000001000010000000000100010000000000
010001010000000001000101000000000100100100000000
010001110000000001001000000000000100101110000000
001110000000000001000000000000000100000000000000
010000100000000001000110000000000100100010000000
010010001000000001001000000000000100110001000000
010001000000000001000100000000000100100000000000
010001100000000001001000000000000100101100000000
010001100000000001000110000000000100101000000000
010001110000000001000110000000000100101010000000
001110000000000001000101000000000100010100000000
010001010000000001000100000000000100100010000000
010001000000000001000100000000000100100000000000
010001100000000001000101000000000100100110000000
010001110000000001000100000000000100100110000000
010001100000000001001000100000000100101110000000
010001010000000001000101000000000100100100000000
010000000000000001000110000000000100100000000000
010001010000000001000100000000000100100010000000
010010001000000001001000000000000100110001000000
001111000000000001000111000000000100100000000000
001111000000000001001000100000000100100100000000
010000100000000001001000000000000100100110000000
001110000000000001000000000000000100000000000000
010000000000000001000100000000000100011000000000
010010000000000000111100000000000100100010000000
010010001000000001000100000000000100101010000000
010010000000000000111100000000000100100010000000
001110000000000001000000000000000100000000000000
010010000000000001000010000000000100100110000000
010001100000000001001000100000000100101110000000
010010000000000000111100000000000100100010000000
010001110000000001000101000000000100101000000000
010001000000000001000010000000000100011100000000
010000100000000001001000100000000100101000000000
001110000000000001001000100000000100100010000000
001110000000000001000101000000000100010100000000
010010001000000001000100000000000100101010000000
010001100000000001000110000000000100101000000000
010001000000000001000101000000000100100010000000
001110000000000000111000000000000000000000000000
010010000000000001000101000000000100101010000000
010001110000000001001000000000000100101110000000
010010000000000000111000000000000100100000000000
010000100000000001000010000000000100011000000000
001111000000000001000100000000000100010100000000
010001010000000001001000100000000100101100000000
010010001000000001001000000000000100110001000000
010001100000000001001000100000000100101110000000
010001000000000001000111000000000100100110000000
010001110000000000111100000000000100100000000000
010001100000000001000101000000000100100110000000
010001010000000001000000000000000100011100000000
010000100000000001001000100000000100101000000000
010001110000000001001000100000000100110000000000
010000100000000001001000100000000100101000000000
010010001000000001000000000000000100100110000000
010010000000000001000111000000000100101110000000
010001000000000001000110000000000100100100000000
010010001000000001000010000000000100101000000000
010000000000000001000010000000000100010100000000
010001100000000001001000000000000100101100000000
001111000000000000111000000000000011110000000000
010001010000000001000000000000000100011100000000
010010001000000001000100000000000100101010000000
010000100000000000111100000000000100010000000000
010000000000000000111000000000000100000000000000
010001110000000000111000000000000100011100000000
010010000000000000111000000000000100100000000000
010001000000000000111100000000000100010100000000
010001110000000001001000000000000100101110000000
010001100000000001000100000000000100100100000000
010001110000000001000100000000000100100110000000
010001010000000001001000000000000100101010000000
010010000000000001000101000000000100101010000000
010001010000000001000000000000000100011100000000
010001110000000001000000000000000100100010000000
010001110000000001001000000000000100101110000000
010001000000000001000111000000000100100110000000
010000000000000001000110000000000100100000000000
010001110000000001000101000000000100101000000000
010000000000000001000010000000000100010100000000
010001110000000001000010000000000100100100000000
010000100000000001000111000000000100100100000000
010001010000000001001000000000000100101010000000
010001000000000001000000000000000100011000000000
010001110000000001000010000000000100100100000000
001110000000000000111100000000000011110000000000
010000100000000001000100000000000100011100000000
010000100000000001000010000000000100011000000000
010000000000000001001000100000000100100110000000
010001000000000001000111000000000100100110000000
010001110000000001001000000000000100101110000000
010010001000000000111000000000000100100010000000
010001110000000001000010000000000100100100000000
010001110000000001000110000000000100101010000000
010001110000000001000010000000000100100100000000
010000000000000001000111000000000100100010000000
010000000000000000111000000000000100000000000000
010001100000000001000100000000000100100100000000
010010000000000001000010000000000100100110000000
010010001000000001000100000000000100101010000000
010000000000000001000100000000000100011000000000
010001110000000001000101000000000100101000000000
010010001000000001000000000000000100100110000000
010001110000000001000100000000000100100110000000
001111000000000001000101000000000100011000000000
001110000000000001001000100000000100100010000000
010000000000000001000000000000000100010000000000
010000000000000001000111000000000100100010000000
010010000000000001000111000000000100101110000000
010000000000000000111000000000000100000000000000
010000000000000000111000000000000100000000000000
010010001000000000111100000000000100100100000000
010001100000000001000111000000000100101010000000
001110000000000001000010000000000100001000000000
010000000000000001000010000000000100010100000000
010001000000000001001000000000000100101000000000
010000000000000001001000100000000100100110000000
010001010000000000111000000000000100010100000000
010010001000000001000110000000000100101110000000
010000100000000000111100000000000100010000000000
010010001000000001000010000000000100101000000000
001110000000000001000111000000000100011100000000
010010000000000001000111000000000100101110000000
010000000000000001001000000000000100100100000000
010010001000000000111000000000000100100010000000
001110000000000001000101000000000100010100000000
010000100000000001000110000000000100100010000000
010010000000000001001000000000000100110000000000
010001000000000001000110000000000100100100000000
010001000000000001001000000000000100101000000000
010001100000000001000010000000000100100010000000
010001010000000000111100000000000100011000000000
010001010000000001000010000000000100100000000000
010000000000000000111000000000000100000000000000
010001010000000001001000000000000100101010000000
010001000000000000111100000000000100010100000000
010001010000000001001000100000000100101100000000
001110000000000001000100000000000100010000000000
010001100000000001000111000000000100101010000000
010000100000000001000110000000000100100010000000
010000000000000001001000100000000100100110000000
010001010000000001000111000000000100101000000000
010001110000000001001000100000000100110000000000
010001000000000001000110000000000100100100000000
001110000000000001000110000000000100011000000000
010001110000000001000100000000000100100110000000
010000000000000001001000000000000100100100000000
010010000000000001000010000000000100100110000000
010000100000000001000000000000000100010100000000
010001100000000000111000000000000100011000000000
010001010000000001001000000000000100101010000000
010001000000000001000100000000000100100000000000
010010000000000001000101000000000100101010000000
010000100000000000111100000000000100010000000000
010000100000000001000111000000000100100100000000
001111000000000001000101000000000100011000000000
010001100000000001000000000000000100100000000000
001110000000000001000110000000000100011000000000
010010001000000000111100000000000100100100000000
010001110000000001000000000000000100100010000000
010000100000000001000111000000000100100100000000
010001100000000001000110000000000100101000000000
010001100000000000111000000000000100011000000000
001110000000000001000111000000000100011100000000
010001000000000001001000000000000100101000000000
010010000000000001000010000000000100100110000000
010001100000000000111000000000000100011000000000
010010000000000001000101000000000100101010000000
010000000000000001000111000000000100100010000000
010000100000000000111100000000000100010000000000
010010001000000001000010000000000100101000000000
010001100000000001000110000000000100101000000000
010010001000000001001000100000000100110010000000
010001110000000000111100000000000100100000000000
010010001000000001000010000000000100101000000000
010000000000000000111000000000000100000000000000
010010000000000001000110000000000100101100000000
010010000000000001001000000000000100110000000000
010000100000000001001000000000000100100110000000
001111000000000001001000000000000100100010000000
010001110000000001000110000000000100101010000000
010001110000000000111100000000000100100000000000
001111000000000000111000000000000011110000000000
010001110000000001000100000000000100100110000000
010001110000000001001000100000000100110000000000
010010001000000000111000000000000100100010000000
010000100000000001001000000000000100100110000000
001111000000000001000101000000000100011000000000
001110000000000001000111000000000100011100000000
001110000000000001000101000000000100010100000000
010000100000000000111000000000000100001000000000
010001010000000001000110000000000100100110000000
010001010000000001000100000000000100100010000000
010001110000000001000101000000000100101000000000
010000000000000001000110000000000100100000000000
010010000000000001000000000000000100100100000000
010001100000000001001000000000000100101100000000
001110000000000001000111000000000100011100000000
010010000000000001000110000000000100101100000000
010001000000000001000110000000000100100100000000
001110000000000000111100000000000011110000000000
010001010000000001000101000000000100100100000000
010001000000000001000110000000000100100100000000
010001000000000001000010000000000100011100000000
001111000000000001000101000000000100011000000000
001111000000000001001000100000000100100100000000
010000100000000001001000100000000100101000000000
010010000000000000111000000000000100100000000000
010001000000000001001000000000000100101000000000
010000000000000001001000100000000100100110000000
001111000000000000111000000000000011110000000000
001110000000000000111100000000000011110000000000
010010001000000000111000000000000100100010000000
010001100000000001000100000000000100100100000000
010001000000000001000000000000000100011000000000
010001010000000001000000000000000100011100000000
010001000000000001000000000000000100011000000000
001111000000000001000100000000000100010100000000
001110000000000001000111000000000100011100000000
010000100000000001000010000000000100011000000000
010000100000000001000000000000000100010100000000
010000000000000000111100000000000100001000000000
010010000000000001001000100000000100110001000000
010010000000000001000100000000000100101000000000
010001010000000001000111000000000100101000000000
010001110000000001000100000000000100100110000000
010001000000000001000010000000000100011100000000
010000100000000001001000100000000100101000000000
010001100000000001000010000000000100100010000000
010001100000000001000100000000000100100100000000
010001110000000001001000000000000100101110000000
010010001000000001000010000000000100101000000000
010000100000000000111000000000000100001000000000
010000000000000001000010000000000100010100000000
010000000000000001000100000000000100011000000000
010010001000000001000101000000000100101100000000
010000000000000001001000000000000100100100000000
001111000000000001000110000000000100011100000000
010001110000000001000010000000000100100100000000
001111000000000001000000000000000100001000000000
010001000000000001000101000000000100100010000000
010010001000000000111000000000000100100010000000
001111000000000001000110000000000100011100000000
001110000000000001000000000000000100000000000000
001110000000000001000000000000000100000000000000
001111000000000000111000000000000011110000000000
010001110000000001000100000000000100100110000000
010010000000000001000110000000000100101100000000
010000100000000001000100000000000100011100000000
010000100000000000111100000000000100010000000000
010010000000000000111000000000000100100000000000
010001100000000001000000000000000100100000000000
010001000000000001000010000000000100011100000000
010001110000000001000100000000000100100110000000
010001110000000000111100000000000100100000000000
010000100000000001000010000000000100011000000000
010000000000000001001000100000000100100110000000
010010000000000000111100000000000100100010000000
010000000000000001000010000000000100010100000000
010010001000000001000110000000000100101110000000
001110000000000001001000000000000100100000000000
010001000000000001000101000000000100100010000000
010001110000000001000111000000000100101100000000
010001000000000000111100000000000100010100000000
010001000000000000111100000000000100010100000000
001110000000000001000110000000000100011000000000
010000100000000001000000000000000100010100000000
010000000000000000111100000000000100001000000000
010010001000000001001000000000000100110001000000
010001000000000001000000000000000100011000000000
010010000000000001000101000000000100101010000000
010001110000000001000111000000000100101100000000
001111000000000001001000100000000100100100000000
010001010000000001000100000000000100100010000000
010000000000000001000000000000000100010000000000
010010001000000001001000100000000100110010000000
010001100000000001000100000000000100100100000000
010001000000000001000010000000000100011100000000
001110000000000001000000000000000100000000000000
010010001000000000111100000000000100100100000000
010001000000000001000010000000000100011100000000
010000000000000001000111000000000100100010000000
010001010000000001000100000000000100100010000000
010000000000000001000010000000000100010100000000
010001000000000001000110000000000100100100000000
010000100000000001001000000000000100100110000000
010010001000000001000000000000000100100110000000
010001010000000001001000100000000100101100000000
001111000000000001001000100000000100100100000000
010000000000000001000110000000000100100000000000
010001000000000000111000000000000100010000000000
010001000000000001000110000000000100100100000000
010001000000000001000110000000000100100100000000
010001000000000001000000000000000100011000000000
010010000000000001001000000000000100110000000000
010001000000000001001000100000000100101010000000
010000100000000001000010000000000100011000000000
010001100000000000111100000000000100011100000000
001111000000000000111100000000000100000000000000
010001010000000001000110000000000100100110000000
010000100000000001000000000000000100010100000000
010000000000000001001000100000000100100110000000
010001110000000001001000100000000100110000000000
001111000000000001001000000000000100100010000000
010010001000000001001000100000000100110010000000
010010001000000001001000100000000100110010000000
010010001000000001000100000000000100101010000000
001111000000000001000110000000000100011100000000
010001100000000001000010000000000100100010000000
010001010000000000111000000000000100010100000000
010010000000000001000010000000000100100110000000
001110000000000001000110000000000100011000000000
010001010000000001000100000000000100100010000000
010000100000000001000000000000000100010100000000
001110000000000001000101000000000100010100000000
010001010000000000111100000000000100011000000000
010010001000000001001000100000000100110010000000
001111000000000001000101000000000100011000000000
010001000000000001000100000000000100100000000000
010001110000000000111000000000000100011100000000
010010000000000001000000000000000100100100000000
010001010000000001000000000000000100011100000000
001110000000000001000110000000000100011000000000
010001110000000001001000000000000100101110000000
010010001000000000111100000000000100100100000000
010010000000000001000101000000000100101010000000
010000000000000001000111000000000100100010000000
010001110000000001000111000000000100101100000000
010010000000000001000101000000000100101010000000
010001010000000001000010000000000100100000000000
010001110000000000111100000000000100100000000000
001111000000000001000010000000000100010000000000
010000100000000001000101000000000100100000000000
001110000000000001001000000000000100100000000000
010010000000000001000111000000000100101110000000
010001110000000001000100000000000100100110000000
010001000000000001000110000000000100100100000000
001111000000000001001000100000000100100100000000
010010000000000000111000000000000100100000000000
010001010000000000111000000000000100010100000000
010000000000000001000110000000000100100000000000
010001100000000001000010000000000100100010000000
010001110000000000111000000000000100011100000000
010010000000000001000100000000000100101000000000
010000100000000001000101000000000100100000000000
010001010000000001000101000000000100100100000000
010010000000000000111000000000000100100000000000
010001000000000001001000100000000100101010000000
010001010000000001000010000000000100100000000000
010010001000000000111100000000000100100100000000
010010000000000001000101000000000100101010000000
010000100000000000111000000000000100001000000000
010010000000000001000110000000000100101100000000
010001100000000001000100000000000100100100000000
010000100000000001001000100000000100101000000000
010001100000000001000101000000000100100110000000
010001000000000000111100000000000100010100000000
010000000000000001000110000000000100100000000000
010010001000000001000111000000000100110000000000
010001010000000001000111000000000100101000000000
010000000000000001000111000000000100100010000000
001111000000000001000000000000000100001000000000
001110000000000001000101000000000100010100000000
010001100000000001001000000000000100101100000000
010000000000000001001000100000000100100110000000
010001010000000000111100000000000100011000000000
010000100000000000111000000000000100001000000000
010001010000000001001000100000000100101100000000
010010000000000001001000000000000100110000000000
010000000000000001000101000000000100011100000000
010000100000000001000000000000000100010100000000
010001000000000000111000000000000100010000000000
010001010000000000111000000000000100010100000000
001110000000000001000101000000000100010100000000
010000100000000000111000000000000100001000000000
010010001000000001000010000000000100101000000000
010001000000000000111100000000000100010100000000
001111000000000000111000000000000011110000000000
010000100000000001000010000000000100011000000000
010010000000000001000110000000000100101100000000
010000100000000000111100000000000100010000000000
010001000000000001000100000000000100100000000000
010010000000000001001000100000000100110001000000
010000000000000001000110000000000100100000000000
010000000000000001000100000000000100011000000000
010000100000000000111100000000000100010000000000
010010000000000001000000000000000100100100000000
001110000000000001000000000000000100000000000000
001111000000000001000101000000000100011000000000
010010000000000001000100000000000100101000000000
010001000000000001001000000000000100101000000000
001110000000000001000101000000000100010100000000
010010001000000001000101000000000100101100000000
010010001000000001000101000000000100101100000000
001111000000000001000110000000000100011100000000
010000100000000001000110000000000100100010000000
010000100000000001001000100000000100101000000000
001111000000000001001000000000000100100010000000
010001110000000001000111000000000100101100000000
001111000000000001000110000000000100011100000000
010001110000000000111100000000000100100000000000
010001100000000000111000000000000100011000000000
010001010000000001000100000000000100100010000000
001110000000000001000101000000000100010100000000
001111000000000000111000000000000011110000000000
010001000000000001000111000000000100100110000000
001110000000000001000100000000000100010000000000
010000100000000000111000000000000100001000000000
010000000000000001000010000000000100010100000000
010010001000000001001000100000000100110010000000
001110000000000001000010000000000100001000000000
001111000000000001000111000000000100100000000000
010000000000000000111100000000000100001000000000
010001000000000001001000000000000100101000000000
010010000000000001000101000000000100101010000000
010001110000000001000110000000000100101010000000
001111000000000001000101000000000100011000000000
010001110000000001000101000000000100101000000000
010001000000000001000000000000000100011000000000
001111000000000001000101000000000100011000000000
010010001000000000111100000000000100100100000000
010001010000000001000000000000000100011100000000
010000100000000001000100000000000100011100000000
010000100000000001000100000000000100011100000000
010001100000000001000111000000000100101010000000
010000100000000001000100000000000100011100000000
001111000000000001000101000000000100011000000000
010001010000000001000110000000000100100110000000
010001000000000001000010000000000100011100000000
010001110000000000111000000000000100011100000000
010010001000000001000110000000000100101110000000
010001110000000000111000000000000100011100000000
001111000000000001000000000000000100001000000000
001110000000000000111000000000000000000000000000
010001110000000001000010000000000100100100000000
010001000000000000111000000000000100010000000000
001110000000000001000101000000000100010100000000
010001000000000000111000000000000100010000000000
010000000000000001000010000000000100010100000000
010010001000000001000010000000000100101000000000
010010001000000001000111000000000100110000000000
010001010000000001001000100000000100101100000000
010001010000000001000010000000000100100000000000
010001100000000001000000000000000100100000000000
010001010000000000111000000000000100010100000000
010010000000000000111100000000000100100010000000